5
7
11
13
17
19
23
29
31
37
41
43
47
53
59
61
67
71
73
79
83
89
97
101
103
107
109
113
127
131
137
139
149
151
157
163
167
173
179
181
191
193
197
199
211
223
227
229
233
239
241
251
257
263
269
271
277
281
283
293
307
311
313
317
331
337
347
349
353
359
367
373
379
383
389
397
401
409
419
421
431
433
439
443
449
457
461
463
467
479
487
491
499
503
509
521
523
541
547
557
563
569
571
577
587
593
599
601
607
613
617
619
631
641
643
647
653
659
661
673
677
683
691
701
709
719
727
733
739
743
751
757
761
769
773
787
797
809
811
821
823
827
829
839
853
857
859
863
877
881
883
887
907
911
919
929
937
941
947
953
967
971
977
983
991
997
1.009
1.013
1.019
1.021
1.031
1.033
1.039
1.049
1.051
1.061
1.063
1.069
1.087
1.091
1.093
1.097
1.103
1.109
1.117
1.123
1.129
1.151
1.153
1.163
1.171
1.181
1.187
1.193
1.201
1.213
1.217
1.223
1.229
1.231
1.237
1.249
1.259
1.277
1.279
1.283
1.289
1.291
1.297
1.301
1.303
1.307
1.319
1.321
1.327
1.361
1.367
1.373
1.381
1.399
1.409
1.423
1.427
1.429
1.433
1.439
1.447
1.451
1.453
1.459
1.471
1.481
1.483
1.487
1.489
1.493
1.499
1.511
1.523
1.531
1.543
1.549
1.553
1.559
1.567
1.571
1.579
1.583
1.597
1.601
1.607
1.609
1.613
1.619
1.621
1.627
1.637
1.657
1.663
1.667
1.669
1.693
1.697
1.699
1.709
1.721
1.723
1.733
1.741
1.747
1.753
1.759
1.777
1.783
1.787
1.789
1.801
1.811
1.823
1.831
1.847
1.861
1.867
1.871
1.873
1.877
1.879
1.889
1.901
1.907
1.913
1.931
1.933
1.949
1.951
1.973
1.979
1.987
1.993
1.997
1.999
2.003
2.011
2.017
2.027
2.029
2.039
2.053
2.063
2.069
2.081
2.083
2.087
2.089
2.099
2.111
2.113
2.129
2.131
2.137
2.141
2.143
2.153
2.161
2.179
2.203
2.207
2.213
2.221
2.237
2.239
2.243
2.251
2.267
2.269
2.273
2.281
2.287
2.293
2.297
2.309
2.311
2.333
2.339
2.341
2.347
2.351
2.357
2.371
2.377
2.381
2.383
2.389
2.393
2.399
2.411
2.417
2.423
2.437
2.441
2.447
2.459
2.467
2.473
2.477
2.503
2.521
2.531
2.539
2.543
2.549
2.551
2.557
2.579
2.591
2.593
2.609
2.617
2.621
2.633
2.647
2.657
2.659
2.663
2.671
2.677
2.683
2.687
2.689
2.693
2.699
2.707
2.711
2.713
2.719
2.729
2.731
2.741
2.749
2.753
2.767
2.777
2.789
2.791
2.797
2.801
2.803
2.819
2.833
2.837
2.843
2.851
2.857
2.861
2.879
2.887
2.897
2.903
2.909
2.917
2.927
2.939
2.953
2.957
2.963
2.969
2.971
2.999
3.001
3.011
3.019
3.023
3.037
3.041
3.049
3.061
3.067
3.079
3.083
3.089
3.109
3.119
3.121
3.137
3.163
3.167
3.169
3.181
3.187
3.191
3.203
3.209
3.217
3.221
3.229
3.251
3.253
3.257
3.259
3.271
3.299
3.301
3.307
3.313
3.319
3.323
3.329
3.331
3.343
3.347
3.359
3.361
3.371
3.373
3.389
3.391
3.407
3.413
3.433
3.449
3.457
3.461
3.463
3.467
3.469
3.491
3.499
3.511
3.517
3.527
3.529
3.533
3.539
3.541
3.547
3.557
3.559
3.571
3.581
3.583
3.593
3.607
3.613
3.617
3.623
3.631
3.637
3.643
3.659
3.671
3.673
3.677
3.691
3.697
3.701
3.709
3.719
3.727
3.733
3.739
3.761
3.767
3.769
3.779
3.793
3.797
3.803
3.821
3.823
3.833
3.847
3.851
3.853
3.863
3.877
3.881
3.889
3.907
3.911
3.917
3.919
3.923
3.929
3.931
3.943
3.947
3.967
3.989
4.001
4.003
4.007
4.013
4.019
4.021
4.027
4.049
4.051
4.057
4.073
4.079
4.091
4.093
4.099
4.111
4.127
4.129
4.133
4.139
4.153
4.157
4.159
4.177
4.201
4.211
4.217
4.219
4.229
4.231
4.241
4.243
4.253
4.259
4.261
4.271
4.273
4.283
4.289
4.297
4.327
4.337
4.339
4.349
4.357
4.363
4.373
4.391
4.397
4.409
4.421
4.423
4.441
4.447
4.451
4.457
4.463
4.481
4.483
4.493
4.507
4.513
4.517
4.519
4.523
4.547
4.549
4.561
4.567
4.583
4.591
4.597
4.603
4.621
4.637
4.639
4.643
4.649
4.651
4.657
4.663
4.673
4.679
4.691
4.703
4.721
4.723
4.729
4.733
4.751
4.759
4.783
4.787
4.789
4.793
4.799
4.801
4.813
4.817
4.831
4.861
4.871
4.877
4.889
4.903
4.909
4.919
4.931
4.933
4.937
4.943
4.951
4.957
4.967
4.969
4.973
4.987
4.993
4.999
5.003
5.009
5.011
5.021
5.023
5.039
5.051
5.059
5.077
5.081
5.087
5.099
5.101
5.107
5.113
5.119
5.147
5.153
5.167
5.171
5.179
5.189
5.197
5.209
5.227
5.231
5.233
5.237
5.261
5.273
5.279
5.281
5.297
5.303
5.309
5.323
5.333
5.347
5.351
5.381
5.387
5.393
5.399
5.407
5.413
5.417
5.419
5.431
5.437
5.441
5.443
5.449
5.471
5.477
5.479
5.483
5.501
5.503
5.507
5.519
5.521
5.527
5.531
5.557
5.563
5.569
5.573
5.581
5.591
5.623
5.639
5.641
5.647
5.651
5.653
5.657
5.659
5.669
5.683
5.689
5.693
5.701
5.711
5.717
5.737
5.741
5.743
5.749
5.779
5.783
5.791
5.801
5.807
5.813
5.821
5.827
5.839
5.843
5.849
5.851
5.857
5.861
5.867
5.869
5.879
5.881
5.897
5.903
5.923
5.927
5.939
5.953
5.981
5.987
6.007
6.011
6.029
6.037
6.043
6.047
6.053
6.067
6.073
6.079
6.089
6.091
6.101
6.113
6.121
6.131
6.133
6.143
6.151
6.163
6.173
6.197
6.199
6.203
6.211
6.217
6.221
6.229
6.247
6.257
6.263
6.269
6.271
6.277
6.287
6.299
6.301
6.311
6.317
6.323
6.329
6.337
6.343
6.353
6.359
6.361
6.367
6.373
6.379
6.389
6.397
6.421
6.427
6.449
6.451
6.469
6.473
6.481
6.491
6.521
6.529
6.547
6.551
6.553
6.563
6.569
6.571
6.577
6.581
6.599
6.607
6.619
6.637
6.653
6.659
6.661
6.673
6.679
6.689
6.691
6.701
6.703
6.709
6.719
6.733
6.737
6.761
6.763
6.779
6.781
6.791
6.793
6.803
6.823
6.827
6.829
6.833
6.841
6.857
6.863
6.869
6.871
6.883
6.899
6.907
6.911
6.917
6.947
6.949
6.959
6.961
6.967
6.971
6.977
6.983
6.991
6.997
7.001
7.013
7.019
7.027
7.039
7.043
7.057
7.069
7.079
7.103
7.109
7.121
7.127
7.129
7.151
7.159
7.177
7.187
7.193
7.207
7.211
7.213
7.219
7.229
7.237
7.243
7.247
7.253
7.283
7.297
7.307
7.309
7.321
7.331
7.333
7.349
7.351
7.369
7.393
7.411
7.417
7.433
7.451
7.457
7.459
7.477
7.481
7.487
7.489
7.499
7.507
7.517
7.523
7.529
7.537
7.541
7.547
7.549
7.559
7.561
7.573
7.577
7.583
7.589
7.591
7.603
7.607
7.621
7.639
7.643
7.649
7.669
7.673
7.681
7.687
7.691
7.699
7.703
7.717
7.723
7.727
7.741
7.753
7.757
7.759
7.789
7.793
7.817
7.823
7.829
7.841
7.853
7.867
7.873
7.877
7.879
7.883
7.901
7.907
7.919
7.927
7.933
7.937
7.949
7.951
7.963
7.993
8.009
8.011
8.017
8.039
8.053
8.059
8.069
8.081
8.087
8.089
8.093
8.101
8.111
8.117
8.123
8.147
8.161
8.167
8.171
8.179
8.191
8.209
8.219
8.221
8.231
8.233
8.237
8.243
8.263
8.269
8.273
8.287
8.291
8.293
8.297
8.311
8.317
8.329
8.353
8.363
8.369
8.377
8.387
8.389
8.419
8.423
8.429
8.431
8.443
8.447
8.461
8.467
8.501
8.513
8.521
8.527
8.537
8.539
8.543
8.563
8.573
8.581
8.597
8.599
8.609
8.623
8.627
8.629
8.641
8.647
8.663
8.669
8.677
8.681
8.689
8.693
8.699
8.707
8.713
8.719
8.731
8.737
8.741
8.747
8.753
8.761
8.779
8.783
8.803
8.807
8.819
8.821
8.831
8.837
8.839
8.849
8.861
8.863
8.867
8.887
8.893
8.923
8.929
8.933
8.941
8.951
8.963
8.969
8.971
8.999
9.001
9.007
9.011
9.013
9.029
9.041
9.043
9.049
9.059
9.067
9.091
9.103
9.109
9.127
9.133
9.137
9.151
9.157
9.161
9.173
9.181
9.187
9.199
9.203
9.209
9.221
9.227
9.239
9.241
9.257
9.277
9.281
9.283
9.293
9.311
9.319
9.323
9.337
9.341
9.343
9.349
9.371
9.377
9.391
9.397
9.403
9.413
9.419
9.421
9.431
9.433
9.437
9.439
9.461
9.463
9.467
9.473
9.479
9.491
9.497
9.511
9.521
9.533
9.539
9.547
9.551
9.587
9.601
9.613
9.619
9.623
9.629
9.631
9.643
9.649
9.661
9.677
9.679
9.689
9.697
9.719
9.721
9.733
9.739
9.743
9.749
9.767
9.769
9.781
9.787
9.791
9.803
9.811
9.817
9.829
9.833
9.839
9.851
9.857
9.859
9.871
9.883
9.887
9.901
9.907
9.923
9.929
9.931
9.941
9.949
9.967
9.973
10.007
10.009
10.037
10.039
10.061
10.067
10.069
10.079
10.091
10.093
10.099
10.103
10.111
10.133
10.139
10.141
10.151
10.159
10.163
10.169
10.177
10.181
10.193
10.211
10.223
10.243
10.247
10.253
10.259
10.267
10.271
10.273
10.289
10.301
10.303
10.313
10.321
10.331
10.333
10.337
10.343
10.357
10.369
10.391
10.399
10.427
10.429
10.433
10.453
10.457
10.459
10.463
10.477
10.487
10.499
10.501
10.513
10.529
10.531
10.559
10.567
10.589
10.597
10.601
10.607
10.613
10.627
10.631
10.639
10.651
10.657
10.663
10.667
10.687
10.691
10.709
10.711
10.723
10.729
10.733
10.739
10.753
10.771
10.781
10.789
10.799
10.831
10.837
10.847
10.853
10.859
10.861
10.867
10.883
10.889
10.891
10.903
10.909
10.937
10.939
10.949
10.957
10.973
10.979
10.987
10.993
11.003
11.027
11.047
11.057
11.059
11.069
11.071
11.083
11.087
11.093
11.113
11.117
11.119
11.131
11.149
11.159
11.161
11.171
11.173
11.177
11.197
11.213
11.239
11.243
11.251
11.257
11.261
11.273
11.279
11.287
11.299
11.311
11.317
11.321
11.329
11.351
11.353
11.369
11.383
11.393
11.399
11.411
11.423
11.437
11.443
11.447
11.467
11.471
11.483
11.489
11.491
11.497
11.503
11.519
11.527
11.549
11.551
11.579
11.587
11.593
11.597
11.617
11.621
11.633
11.657
11.677
11.681
11.689
11.699
11.701
11.717
11.719
11.731
11.743
11.777
11.779
11.783
11.789
11.801
11.807
11.813
11.821
11.827
11.831
11.833
11.839
11.863
11.867
11.887
11.897
11.903
11.909
11.923
11.927
11.933
11.939
11.941
11.953
11.959
11.969
11.971
11.981
11.987
12.007
12.011
12.037
12.041
12.043
12.049
12.071
12.073
12.097
12.101
12.107
12.109
12.113
12.119
12.143
12.149
12.157
12.161
12.163
12.197
12.203
12.211
12.227
12.239
12.241
12.251
12.253
12.263
12.269
12.277
12.281
12.289
12.301
12.323
12.329
12.343
12.347
12.373
12.377
12.379
12.391
12.401
12.409
12.413
12.421
12.433
12.437
12.451
12.457
12.473
12.479
12.487
12.491
12.497
12.503
12.511
12.517
12.527
12.539
12.541
12.547
12.553
12.569
12.577
12.583
12.589
12.601
12.611
12.613
12.619
12.637
12.641
12.647
12.653
12.659
12.671
12.689
12.697
12.703
12.713
12.721
12.739
12.743
12.757
12.763
12.781
12.791
12.799
12.809
12.821
12.823
12.829
12.841
12.853
12.889
12.893
12.899
12.907
12.911
12.917
12.919
12.923
12.941
12.953
12.959
12.967
12.973
12.979
12.983
13.001
13.003
13.007
13.009
13.033
13.037
13.043
13.049
13.063
13.093
13.099
13.103
13.109
13.121
13.127
13.147
13.151
13.159
13.163
13.171
13.177
13.183
13.187
13.217
13.219
13.229
13.241
13.249
13.259
13.267
13.291
13.297
13.309
13.313
13.327
13.331
13.337
13.339
13.367
13.381
13.397
13.399
13.411
13.417
13.421
13.441
13.451
13.457
13.463
13.469
13.477
13.487
13.499
13.513
13.523
13.537
13.553
13.567
13.577
13.591
13.597
13.613
13.619
13.627
13.633
13.649
13.669
13.679
13.681
13.687
13.691
13.693
13.697
13.709
13.711
13.721
13.723
13.729
13.751
13.757
13.759
13.763
13.781
13.789
13.799
13.807
13.829
13.831
13.841
13.859
13.873
13.877
13.879
13.883
13.901
13.903
13.907
13.913
13.921
13.931
13.933
13.963
13.967
13.997
13.999
14.009
14.011
14.029
14.033
14.051
14.057
14.071
14.081
14.083
14.087
14.107
14.143
14.149
14.153
14.159
14.173
14.177
14.197
14.207
14.221
14.243
14.249
14.251
14.281
14.293
14.303
14.321
14.323
14.327
14.341
14.347
14.369
14.387
14.389
14.401
14.407
14.411
14.419
14.423
14.431
14.437
14.447
14.449
14.461
14.479
14.489
14.503
14.519
14.533
14.537
14.543
14.549
14.551
14.557
14.561
14.563
14.591
14.593
14.621
14.627
14.629
14.633
14.639
14.653
14.657
14.669
14.683
14.699
14.713
14.717
14.723
14.731
14.737
14.741
14.747
14.753
14.759
14.767
14.771
14.779
14.783
14.797
14.813
14.821
14.827
14.831
14.843
14.851
14.867
14.869
14.879
14.887
14.891
14.897
14.923
14.929
14.939
14.947
14.951
14.957
14.969
14.983
15.013
15.017
15.031
15.053
15.061
15.073
15.077
15.083
15.091
15.101
15.107
15.121
15.131
15.137
15.139
15.149
15.161
15.173
15.187
15.193
15.199
15.217
15.227
15.233
15.241
15.259
15.263
15.269
15.271
15.277
15.287
15.289
15.299
15.307
15.313
15.319
15.329
15.331
15.349
15.359
15.361
15.373
15.377
15.383
15.391
15.401
15.413
15.427
15.439
15.443
15.451
15.461
15.467
15.473
15.493
15.497
15.511
15.527
15.541
15.551
15.559
15.569
15.581
15.583
15.601
15.607
15.619
15.629
15.641
15.643
15.647
15.649
15.661
15.667
15.671
15.679
15.683
15.727
15.731
15.733
15.737
15.739
15.749
15.761
15.767
15.773
15.787
15.791
15.797
15.803
15.809
15.817
15.823
15.859
15.877
15.881
15.887
15.889
15.901
15.907
15.913
15.919
15.923
15.937
15.959
15.971
15.973
15.991
16.001
16.007
16.033
16.057
16.061
16.063
16.067
16.069
16.073
16.087
16.091
16.097
16.103
16.111
16.127
16.139
16.141
16.183
16.187
16.189
16.193
16.217
16.223
16.229
16.231
16.249
16.253
16.267
16.273
16.301
16.319
16.333
16.339
16.349
16.361
16.363
16.369
16.381
16.411
16.417
16.421
16.427
16.433
16.447
16.451
16.453
16.477
16.481
16.487
16.493
16.519
16.529
16.547
16.553
16.561
16.567
16.573
16.603
16.607
16.619
16.631
16.633
16.649
16.651
16.657
16.661
16.673
16.691
16.693
16.699
16.703
16.729
16.741
16.747
16.759
16.763
16.787
16.811
16.823
16.829
16.831
16.843
16.871
16.879
16.883
16.889
16.901
16.903
16.921
16.927
16.931
16.937
16.943
16.963
16.979
16.981
16.987
16.993
17.011
17.021
17.027
17.029
17.033
17.041
17.047
17.053
17.077
17.093
17.099
17.107
17.117
17.123
17.137
17.159
17.167
17.183
17.189
17.191
17.203
17.207
17.209
17.231
17.239
17.257
17.291
17.293
17.299
17.317
17.321
17.327
17.333
17.341
17.351
17.359
17.377
17.383
17.387
17.389
17.393
17.401
17.417
17.419
17.431
17.443
17.449
17.467
17.471
17.477
17.483
17.489
17.491
17.497
17.509
17.519
17.539
17.551
17.569
17.573
17.579
17.581
17.597
17.599
17.609
17.623
17.627
17.657
17.659
17.669
17.681
17.683
17.707
17.713
17.729
17.737
17.747
17.749
17.761
17.783
17.789
17.791
17.807
17.827
17.837
17.839
17.851
17.863
17.881
17.891
17.903
17.909
17.911
17.921
17.923
17.929
17.939
17.957
17.959
17.971
17.977
17.981
17.987
17.989
18.013
18.041
18.043
18.047
18.049
18.059
18.061
18.077
18.089
18.097
18.119
18.121
18.127
18.131
18.133
18.143
18.149
18.169
18.181
18.191
18.199
18.211
18.217
18.223
18.229
18.233
18.251
18.253
18.257
18.269
18.287
18.289
18.301
18.307
18.311
18.313
18.329
18.341
18.353
18.367
18.371
18.379
18.397
18.401
18.413
18.427
18.433
18.439
18.443
18.451
18.457
18.461
18.481
18.493
18.503
18.517
18.521
18.523
18.539
18.541
18.553
18.583
18.587
18.593
18.617
18.637
18.661
18.671
18.679
18.691
18.701
18.713
18.719
18.731
18.743
18.749
18.757
18.773
18.787
18.793
18.797
18.803
18.839
18.859
18.869
18.899
18.911
18.913
18.917
18.919
18.947
18.959
18.973
18.979
19.001
19.009
19.013
19.031
19.037
19.051
19.069
19.073
19.079
19.081
19.087
19.121
19.139
19.141
19.157
19.163
19.181
19.183
19.207
19.211
19.213
19.219
19.231
19.237
19.249
19.259
19.267
19.273
19.289
19.301
19.309
19.319
19.333
19.373
19.379
19.381
19.387
19.391
19.403
19.417
19.421
19.423
19.427
19.429
19.433
19.441
19.447
19.457
19.463
19.469
19.471
19.477
19.483
19.489
19.501
19.507
19.531
19.541
19.543
19.553
19.559
19.571
19.577
19.583
19.597
19.603
19.609
19.661
19.681
19.687
19.697
19.699
19.709
19.717
19.727
19.739
19.751
19.753
19.759
19.763
19.777
19.793
19.801
19.813
19.819
19.841
19.843
19.853
19.861
19.867
19.889
19.891
19.913
19.919
19.927
19.937
19.949
19.961
19.963
19.973
19.979
19.991
19.993
19.997
20.011
20.021
20.023
20.029
20.047
20.051
20.063
20.071
20.089
20.101
20.107
20.113
20.117
20.123
20.129
20.143
20.147
20.149
20.161
20.173
20.177
20.183
20.201
20.219
20.231
20.233
20.249
20.261
20.269
20.287
20.297
20.323
20.327
20.333
20.341
20.347
20.353
20.357
20.359
20.369
20.389
20.393
20.399
20.407
20.411
20.431
20.441
20.443
20.477
20.479
20.483
20.507
20.509
20.521
20.533
20.543
20.549
20.551
20.563
20.593
20.599
20.611
20.627
20.639
20.641
20.663
20.681
20.693
20.707
20.717
20.719
20.731
20.743
20.747
20.749
20.753
20.759
20.771
20.773
20.789
20.807
20.809
20.849
20.857
20.873
20.879
20.887
20.897
20.899
20.903
20.921
20.929
20.939
20.947
20.959
20.963
20.981
20.983
21.001
21.011
21.013
21.017
21.019
21.023
21.031
21.059
21.061
21.067
21.089
21.101
21.107
21.121
21.139
21.143
21.149
21.157
21.163
21.169
21.179
21.187
21.191
21.193
21.211
21.221
21.227
21.247
21.269
21.277
21.283
21.313
21.317
21.319
21.323
21.341
21.347
21.377
21.379
21.383
21.391
21.397
21.401
21.407
21.419
21.433
21.467
21.481
21.487
21.491
21.493
21.499
21.503
21.517
21.521
21.523
21.529
21.557
21.559
21.563
21.569
21.577
21.587
21.589
21.599
21.601
21.611
21.613
21.617
21.647
21.649
21.661
21.673
21.683
21.701
21.713
21.727
21.737
21.739
21.751
21.757
21.767
21.773
21.787
21.799
21.803
21.817
21.821
21.839
21.841
21.851
21.859
21.863
21.871
21.881
21.893
21.911
21.929
21.937
21.943
21.961
21.977
21.991
21.997
22.003
22.013
22.027
22.031
22.037
22.039
22.051
22.063
22.067
22.073
22.079
22.091
22.093
22.109
22.111
22.123
22.129
22.133
22.147
22.153
22.157
22.159
22.171
22.189
22.193
22.229
22.247
22.259
22.271
22.273
22.277
22.279
22.283
22.291
22.303
22.307
22.343
22.349
22.367
22.369
22.381
22.391
22.397
22.409
22.433
22.441
22.447
22.453
22.469
22.481
22.483
22.501
22.511
22.531
22.541
22.543
22.549
22.567
22.571
22.573
22.613
22.619
22.621
22.637
22.639
22.643
22.651
22.669
22.679
22.691
22.697
22.699
22.709
22.717
22.721
22.727
22.739
22.741
22.751
22.769
22.777
22.783
22.787
22.807
22.811
22.817
22.853
22.859
22.861
22.871
22.877
22.901
22.907
22.921
22.937
22.943
22.961
22.963
22.973
22.993
23.003
23.011
23.017
23.021
23.027
23.029
23.039
23.041
23.053
23.057
23.059
23.063
23.071
23.081
23.087
23.099
23.117
23.131
23.143
23.159
23.167
23.173
23.189
23.197
23.201
23.203
23.209
23.227
23.251
23.269
23.279
23.291
23.293
23.297
23.311
23.321
23.327
23.333
23.339
23.357
23.369
23.371
23.399
23.417
23.431
23.447
23.459
23.473
23.497
23.509
23.531
23.537
23.539
23.549
23.557
23.561
23.563
23.567
23.581
23.593
23.599
23.603
23.609
23.623
23.627
23.629
23.633
23.663
23.669
23.671
23.677
23.687
23.689
23.719
23.741
23.743
23.747
23.753
23.761
23.767
23.773
23.789
23.801
23.813
23.819
23.827
23.831
23.833
23.857
23.869
23.873
23.879
23.887
23.893
23.899
23.909
23.911
23.917
23.929
23.957
23.971
23.977
23.981
23.993
24.001
24.007
24.019
24.023
24.029
24.043
24.049
24.061
24.071
24.077
24.083
24.091
24.097
24.103
24.107
24.109
24.113
24.121
24.133
24.137
24.151
24.169
24.179
24.181
24.197
24.203
24.223
24.229
24.239
24.247
24.251
24.281
24.317
24.329
24.337
24.359
24.371
24.373
24.379
24.391
24.407
24.413
24.419
24.421
24.439
24.443
24.469
24.473
24.481
24.499
24.509
24.517
24.527
24.533
24.547
24.551
24.571
24.593
24.611
24.623
24.631
24.659
24.671
24.677
24.683
24.691
24.697
24.709
24.733
24.749
24.763
24.767
24.781
24.793
24.799
24.809
24.821
24.841
24.847
24.851
24.859
24.877
24.889
24.907
24.917
24.919
24.923
24.943
24.953
24.967
24.971
24.977
24.979
24.989
25.013
25.031
25.033
25.037
25.057
25.073
25.087
25.097
25.111
25.117
25.121
25.127
25.147
25.153
25.163
25.169
25.171
25.183
25.189
25.219
25.229
25.237
25.243
25.247
25.253
25.261
25.301
25.303
25.307
25.309
25.321
25.339
25.343
25.349
25.357
25.367
25.373
25.391
25.409
25.411
25.423
25.439
25.447
25.453
25.457
25.463
25.469
25.471
25.523
25.537
25.541
25.561
25.577
25.579
25.583
25.589
25.601
25.603
25.609
25.621
25.633
25.639
25.643
25.657
25.667
25.673
25.679
25.693
25.703
25.717
25.733
25.741
25.747
25.759
25.763
25.771
25.793
25.799
25.801
25.819
25.841
25.847
25.849
25.867
25.873
25.889
25.903
25.913
25.919
25.931
25.933
25.939
25.943
25.951
25.969
25.981
25.997
25.999
26.003
26.017
26.021
26.029
26.041
26.053
26.083
26.099
26.107
26.111
26.113
26.119
26.141
26.153
26.161
26.171
26.177
26.183
26.189
26.203
26.209
26.227
26.237
26.249
26.251
26.261
26.263
26.267
26.293
26.297
26.309
26.317
26.321
26.339
26.347
26.357
26.371
26.387
26.393
26.399
26.407
26.417
26.423
26.431
26.437
26.449
26.459
26.479
26.489
26.497
26.501
26.513
26.539
26.557
26.561
26.573
26.591
26.597
26.627
26.633
26.641
26.647
26.669
26.681
26.683
26.687
26.693
26.699
26.701
26.711
26.713
26.717
26.723
26.729
26.731
26.737
26.759
26.777
26.783
26.801
26.813
26.821
26.833
26.839
26.849
26.861
26.863
26.879
26.881
26.891
26.893
26.903
26.921
26.927
26.947
26.951
26.953
26.959
26.981
26.987
26.993
27.011
27.017
27.031
27.043
27.059
27.061
27.067
27.073
27.077
27.091
27.103
27.107
27.109
27.127
27.143
27.179
27.191
27.197
27.211
27.239
27.241
27.253
27.259
27.271
27.277
27.281
27.283
27.299
27.329
27.337
27.361
27.367
27.397
27.407
27.409
27.427
27.431
27.437
27.449
27.457
27.479
27.481
27.487
27.509
27.527
27.529
27.539
27.541
27.551
27.581
27.583
27.611
27.617
27.631
27.647
27.653
27.673
27.689
27.691
27.697
27.701
27.733
27.737
27.739
27.743
27.749
27.751
27.763
27.767
27.773
27.779
27.791
27.793
27.799
27.803
27.809
27.817
27.823
27.827
27.847
27.851
27.883
27.893
27.901
27.917
27.919
27.941
27.943
27.947
27.953
27.961
27.967
27.983
27.997
28.001
28.019
28.027
28.031
28.051
28.057
28.069
28.081
28.087
28.097
28.099
28.109
28.111
28.123
28.151
28.163
28.181
28.183
28.201
28.211
28.219
28.229
28.277
28.279
28.283
28.289
28.297
28.307
28.309
28.319
28.349
28.351
28.387
28.393
28.403
28.409
28.411
28.429
28.433
28.439
28.447
28.463
28.477
28.493
28.499
28.513
28.517
28.537
28.541
28.547
28.549
28.559
28.571
28.573
28.579
28.591
28.597
28.603
28.607
28.619
28.621
28.627
28.631
28.643
28.649
28.657
28.661
28.663
28.669
28.687
28.697
28.703
28.711
28.723
28.729
28.751
28.753
28.759
28.771
28.789
28.793
28.807
28.813
28.817
28.837
28.843
28.859
28.867
28.871
28.879
28.901
28.909
28.921
28.927
28.933
28.949
28.961
28.979
29.009
29.017
29.021
29.023
29.027
29.033
29.059
29.063
29.077
29.101
29.123
29.129
29.131
29.137
29.147
29.153
29.167
29.173
29.179
29.191
29.201
29.207
29.209
29.221
29.231
29.243
29.251
29.269
29.287
29.297
29.303
29.311
29.327
29.333
29.339
29.347
29.363
29.383
29.387
29.389
29.399
29.401
29.411
29.423
29.429
29.437
29.443
29.453
29.473
29.483
29.501
29.527
29.531
29.537
29.567
29.569
29.573
29.581
29.587
29.599
29.611
29.629
29.633
29.641
29.663
29.669
29.671
29.683
29.717
29.723
29.741
29.753
29.759
29.761
29.789
29.803
29.819
29.833
29.837
29.851
29.863
29.867
29.873
29.879
29.881
29.917
29.921
29.927
29.947
29.959
29.983
29.989
30.011
30.013
30.029
30.047
30.059
30.071
30.089
30.091
30.097
30.103
30.109
30.113
30.119
30.133
30.137
30.139
30.161
30.169
30.181
30.187
30.197
30.203
30.211
30.223
30.241
30.253
30.259
30.269
30.271
30.293
30.307
30.313
30.319
30.323
30.341
30.347
30.367
30.389
30.391
30.403
30.427
30.431
30.449
30.467
30.469
30.491
30.493
30.497
30.509
30.517
30.529
30.539
30.553
30.557
30.559
30.577
30.593
30.631
30.637
30.643
30.649
30.661
30.671
30.677
30.689
30.697
30.703
30.707
30.713
30.727
30.757
30.763
30.773
30.781
30.803
30.809
30.817
30.829
30.839
30.841
30.851
30.853
30.859
30.869
30.871
30.881
30.893
30.911
30.931
30.937
30.941
30.949
30.971
30.977
30.983
31.013
31.019
31.033
31.039
31.051
31.063
31.069
31.079
31.081
31.091
31.121
31.123
31.139
31.147
31.151
31.153
31.159
31.177
31.181
31.183
31.189
31.193
31.219
31.223
31.231
31.237
31.247
31.249
31.253
31.259
31.267
31.271
31.277
31.307
31.319
31.321
31.327
31.333
31.337
31.357
31.379
31.387
31.391
31.393
31.397
31.469
31.477
31.481
31.489
31.511
31.513
31.517
31.531
31.541
31.543
31.547
31.567
31.573
31.583
31.601
31.607
31.627
31.643
31.649
31.657
31.663
31.667
31.687
31.699
31.721
31.723
31.727
31.729
31.741
31.751
31.769
31.771
31.793
31.799
31.817
31.847
31.849
31.859
31.873
31.883
31.891
31.907
31.957
31.963
31.973
31.981
31.991
32.003
32.009
32.027
32.029
32.051
32.057
32.059
32.063
32.069
32.077
32.083
32.089
32.099
32.117
32.119
32.141
32.143
32.159
32.173
32.183
32.189
32.191
32.203
32.213
32.233
32.237
32.251
32.257
32.261
32.297
32.299
32.303
32.309
32.321
32.323
32.327
32.341
32.353
32.359
32.363
32.369
32.371
32.377
32.381
32.401
32.411
32.413
32.423
32.429
32.441
32.443
32.467
32.479
32.491
32.497
32.503
32.507
32.531
32.533
32.537
32.561
32.563
32.569
32.573
32.579
32.587
32.603
32.609
32.611
32.621
32.633
32.647
32.653
32.687
32.693
32.707
32.713
32.717
32.719
32.749
32.771
32.779
32.783
32.789
32.797
32.801
32.803
32.831
32.833
32.839
32.843
32.869
32.887
32.909
32.911
32.917
32.933
32.939
32.941
32.957
32.969
32.971
32.983
32.987
32.993
32.999
33.013
33.023
33.029
33.037
33.049
33.053
33.071
33.073
33.083
33.091
33.107
33.113
33.119
33.149
33.151
33.161
33.179
33.181
33.191
33.199
33.203
33.211
33.223
33.247
33.287
33.289
33.301
33.311
33.317
33.329
33.331
33.343
33.347
33.349
33.353
33.359
33.377
33.391
33.403
33.409
33.413
33.427
33.457
33.461
33.469
33.479
33.487
33.493
33.503
33.521
33.529
33.533
33.547
33.563
33.569
33.577
33.581
33.587
33.589
33.599
33.601
33.613
33.617
33.619
33.623
33.629
33.637
33.641
33.647
33.679
33.703
33.713
33.721
33.739
33.749
33.751
33.757
33.767
33.769
33.773
33.791
33.797
33.809
33.811
33.827
33.829
33.851
33.857
33.863
33.871
33.889
33.893
33.911
33.923
33.931
33.937
33.941
33.961
33.967
33.997
34.019
34.031
34.033
34.039
34.057
34.061
34.123
34.127
34.129
34.141
34.147
34.157
34.159
34.171
34.183
34.211
34.213
34.217
34.231
34.253
34.259
34.261
34.267
34.273
34.283
34.297
34.301
34.303
34.313
34.319
34.327
34.337
34.351
34.361
34.367
34.369
34.381
34.403
34.421
34.429
34.439
34.457
34.469
34.471
34.483
34.487
34.499
34.501
34.511
34.513
34.519
34.537
34.543
34.549
34.583
34.589
34.591
34.603
34.607
34.613
34.631
34.649
34.651
34.667
34.673
34.679
34.687
34.693
34.703
34.721
34.729
34.739
34.747
34.757
34.759
34.763
34.781
34.807
34.819
34.841
34.843
34.847
34.849
34.871
34.877
34.883
34.897
34.913
34.919
34.939
34.949
34.961
34.963
34.981
35.023
35.027
35.051
35.053
35.059
35.069
35.081
35.083
35.089
35.099
35.107
35.111
35.117
35.129
35.141
35.149
35.153
35.159
35.171
35.201
35.221
35.227
35.251
35.257
35.267
35.279
35.281
35.291
35.311
35.317
35.323
35.327
35.339
35.353
35.363
35.381
35.393
35.401
35.407
35.419
35.423
35.437
35.447
35.449
35.461
35.491
35.507
35.509
35.521
35.527
35.531
35.533
35.537
35.543
35.569
35.573
35.591
35.593
35.597
35.603
35.617
35.671
35.677
35.729
35.731
35.747
35.753
35.759
35.771
35.797
35.801
35.803
35.809
35.831
35.837
35.839
35.851
35.863
35.869
35.879
35.897
35.899
35.911
35.923
35.933
35.951
35.963
35.969
35.977
35.983
35.993
35.999
36.007
36.011
36.013
36.017
36.037
36.061
36.067
36.073
36.083
36.097
36.107
36.109
36.131
36.137
36.151
36.161
36.187
36.191
36.209
36.217
36.229
36.241
36.251
36.263
36.269
36.277
36.293
36.299
36.307
36.313
36.319
36.341
36.343
36.353
36.373
36.383
36.389
36.433
36.451
36.457
36.467
36.469
36.473
36.479
36.493
36.497
36.523
36.527
36.529
36.541
36.551
36.559
36.563
36.571
36.583
36.587
36.599
36.607
36.629
36.637
36.643
36.653
36.671
36.677
36.683
36.691
36.697
36.709
36.713
36.721
36.739
36.749
36.761
36.767
36.779
36.781
36.787
36.791
36.793
36.809
36.821
36.833
36.847
36.857
36.871
36.877
36.887
36.899
36.901
36.913
36.919
36.923
36.929
36.931
36.943
36.947
36.973
36.979
36.997
37.003
37.013
37.019
37.021
37.039
37.049
37.057
37.061
37.087
37.097
37.117
37.123
37.139
37.159
37.171
37.181
37.189
37.199
37.201
37.217
37.223
37.243
37.253
37.273
37.277
37.307
37.309
37.313
37.321
37.337
37.339
37.357
37.361
37.363
37.369
37.379
37.397
37.409
37.423
37.441
37.447
37.463
37.483
37.489
37.493
37.501
37.507
37.511
37.517
37.529
37.537
37.547
37.549
37.561
37.567
37.571
37.573
37.579
37.589
37.591
37.607
37.619
37.633
37.643
37.649
37.657
37.663
37.691
37.693
37.699
37.717
37.747
37.781
37.783
37.799
37.811
37.813
37.831
37.847
37.853
37.861
37.871
37.879
37.889
37.897
37.907
37.951
37.957
37.963
37.967
37.987
37.991
37.993
37.997
38.011
38.039
38.047
38.053
38.069
38.083
38.113
38.119
38.149
38.153
38.167
38.177
38.183
38.189
38.197
38.201
38.219
38.231
38.237
38.239
38.261
38.273
38.281
38.287
38.299
38.303
38.317
38.321
38.327
38.329
38.333
38.351
38.371
38.377
38.393
38.431
38.447
38.449
38.453
38.459
38.461
38.501
38.543
38.557
38.561
38.567
38.569
38.593
38.603
38.609
38.611
38.629
38.639
38.651
38.653
38.669
38.671
38.677
38.693
38.699
38.707
38.711
38.713
38.723
38.729
38.737
38.747
38.749
38.767
38.783
38.791
38.803
38.821
38.833
38.839
38.851
38.861
38.867
38.873
38.891
38.903
38.917
38.921
38.923
38.933
38.953
38.959
38.971
38.977
38.993
39.019
39.023
39.041
39.043
39.047
39.079
39.089
39.097
39.103
39.107
39.113
39.119
39.133
39.139
39.157
39.161
39.163
39.181
39.191
39.199
39.209
39.217
39.227
39.229
39.233
39.239
39.241
39.251
39.293
39.301
39.313
39.317
39.323
39.341
39.343
39.359
39.367
39.371
39.373
39.383
39.397
39.409
39.419
39.439
39.443
39.451
39.461
39.499
39.503
39.509
39.511
39.521
39.541
39.551
39.563
39.569
39.581
39.607
39.619
39.623
39.631
39.659
39.667
39.671
39.679
39.703
39.709
39.719
39.727
39.733
39.749
39.761
39.769
39.779
39.791
39.799
39.821
39.827
39.829
39.839
39.841
39.847
39.857
39.863
39.869
39.877
39.883
39.887
39.901
39.929
39.937
39.953
39.971
39.979
39.983
39.989
40.009
40.013
40.031
40.037
40.039
40.063
40.087
40.093
40.099
40.111
40.123
40.127
40.129
40.151
40.153
40.163
40.169
40.177
40.189
40.193
40.213
40.231
40.237
40.241
40.253
40.277
40.283
40.289
40.343
40.351
40.357
40.361
40.387
40.423
40.427
40.429
40.433
40.459
40.471
40.483
40.487
40.493
40.499
40.507
40.519
40.529
40.531
40.543
40.559
40.577
40.583
40.591
40.597
40.609
40.627
40.637
40.639
40.693
40.697
40.699
40.709
40.739
40.751
40.759
40.763
40.771
40.787
40.801
40.813
40.819
40.823
40.829
40.841
40.847
40.849
40.853
40.867
40.879
40.883
40.897
40.903
40.927
40.933
40.939
40.949
40.961
40.973
40.993
41.011
41.017
41.023
41.039
41.047
41.051
41.057
41.077
41.081
41.113
41.117
41.131
41.141
41.143
41.149
41.161
41.177
41.179
41.183
41.189
41.201
41.203
41.213
41.221
41.227
41.231
41.233
41.243
41.257
41.263
41.269
41.281
41.299
41.333
41.341
41.351
41.357
41.381
41.387
41.389
41.399
41.411
41.413
41.443
41.453
41.467
41.479
41.491
41.507
41.513
41.519
41.521
41.539
41.543
41.549
41.579
41.593
41.597
41.603
41.609
41.611
41.617
41.621
41.627
41.641
41.647
41.651
41.659
41.669
41.681
41.687
41.719
41.729
41.737
41.759
41.761
41.771
41.777
41.801
41.809
41.813
41.843
41.849
41.851
41.863
41.879
41.887
41.893
41.897
41.903
41.911
41.927
41.941
41.947
41.953
41.957
41.959
41.969
41.981
41.983
41.999
42.013
42.017
42.019
42.023
42.043
42.061
42.071
42.073
42.083
42.089
42.101
42.131
42.139
42.157
42.169
42.179
42.181
42.187
42.193
42.197
42.209
42.221
42.223
42.227
42.239
42.257
42.281
42.283
42.293
42.299
42.307
42.323
42.331
42.337
42.349
42.359
42.373
42.379
42.391
42.397
42.403
42.407
42.409
42.433
42.437
42.443
42.451
42.457
42.461
42.463
42.467
42.473
42.487
42.491
42.499
42.509
42.533
42.557
42.569
42.571
42.577
42.589
42.611
42.641
42.643
42.649
42.667
42.677
42.683
42.689
42.697
42.701
42.703
42.709
42.719
42.727
42.737
42.743
42.751
42.767
42.773
42.787
42.793
42.797
42.821
42.829
42.839
42.841
42.853
42.859
42.863
42.899
42.901
42.923
42.929
42.937
42.943
42.953
42.961
42.967
42.979
42.989
43.003
43.013
43.019
43.037
43.049
43.051
43.063
43.067
43.093
43.103
43.117
43.133
43.151
43.159
43.177
43.189
43.201
43.207
43.223
43.237
43.261
43.271
43.283
43.291
43.313
43.319
43.321
43.331
43.391
43.397
43.399
43.403
43.411
43.427
43.441
43.451
43.457
43.481
43.487
43.499
43.517
43.541
43.543
43.573
43.577
43.579
43.591
43.597
43.607
43.609
43.613
43.627
43.633
43.649
43.651
43.661
43.669
43.691
43.711
43.717
43.721
43.753
43.759
43.777
43.781
43.783
43.787
43.789
43.793
43.801
43.853
43.867
43.889
43.891
43.913
43.933
43.943
43.951
43.961
43.963
43.969
43.973
43.987
43.991
43.997
44.017
44.021
44.027
44.029
44.041
44.053
44.059
44.071
44.087
44.089
44.101
44.111
44.119
44.123
44.129
44.131
44.159
44.171
44.179
44.189
44.201
44.203
44.207
44.221
44.249
44.257
44.263
44.267
44.269
44.273
44.279
44.281
44.293
44.351
44.357
44.371
44.381
44.383
44.389
44.417
44.449
44.453
44.483
44.491
44.497
44.501
44.507
44.519
44.531
44.533
44.537
44.543
44.549
44.563
44.579
44.587
44.617
44.621
44.623
44.633
44.641
44.647
44.651
44.657
44.683
44.687
44.699
44.701
44.711
44.729
44.741
44.753
44.771
44.773
44.777
44.789
44.797
44.809
44.819
44.839
44.843
44.851
44.867
44.879
44.887
44.893
44.909
44.917
44.927
44.939
44.953
44.959
44.963
44.971
44.983
44.987
45.007
45.013
45.053
45.061
45.077
45.083
45.119
45.121
45.127
45.131
45.137
45.139
45.161
45.179
45.181
45.191
45.197
45.233
45.247
45.259
45.263
45.281
45.289
45.293
45.307
45.317
45.319
45.329
45.337
45.341
45.343
45.361
45.377
45.389
45.403
45.413
45.427
45.433
45.439
45.481
45.491
45.497
45.503
45.523
45.533
45.541
45.553
45.557
45.569
45.587
45.589
45.599
45.613
45.631
45.641
45.659
45.667
45.673
45.677
45.691
45.697
45.707
45.737
45.751
45.757
45.763
45.767
45.779
45.817
45.821
45.823
45.827
45.833
45.841
45.853
45.863
45.869
45.887
45.893
45.943
45.949
45.953
45.959
45.971
45.979
45.989
46.021
46.027
46.049
46.051
46.061
46.073
46.091
46.093
46.099
46.103
46.133
46.141
46.147
46.153
46.171
46.181
46.183
46.187
46.199
46.219
46.229
46.237
46.261
46.271
46.273
46.279
46.301
46.307
46.309
46.327
46.337
46.349
46.351
46.381
46.399
46.411
46.439
46.441
46.447
46.451
46.457
46.471
46.477
46.489
46.499
46.507
46.511
46.523
46.549
46.559
46.567
46.573
46.589
46.591
46.601
46.619
46.633
46.639
46.643
46.649
46.663
46.679
46.681
46.687
46.691
46.703
46.723
46.727
46.747
46.751
46.757
46.769
46.771
46.807
46.811
46.817
46.819
46.829
46.831
46.853
46.861
46.867
46.877
46.889
46.901
46.919
46.933
46.957
46.993
46.997
47.017
47.041
47.051
47.057
47.059
47.087
47.093
47.111
47.119
47.123
47.129
47.137
47.143
47.147
47.149
47.161
47.189
47.207
47.221
47.237
47.251
47.269
47.279
47.287
47.293
47.297
47.303
47.309
47.317
47.339
47.351
47.353
47.363
47.381
47.387
47.389
47.407
47.417
47.419
47.431
47.441
47.459
47.491
47.497
47.501
47.507
47.513
47.521
47.527
47.533
47.543
47.563
47.569
47.581
47.591
47.599
47.609
47.623
47.629
47.639
47.653
47.657
47.659
47.681
47.699
47.701
47.711
47.713
47.717
47.737
47.741
47.743
47.777
47.779
47.791
47.797
47.807
47.809
47.819
47.837
47.843
47.857
47.869
47.881
47.903
47.911
47.917
47.933
47.939
47.947
47.951
47.963
47.969
47.977
47.981
48.017
48.023
48.029
48.049
48.073
48.079
48.091
48.109
48.119
48.121
48.131
48.157
48.163
48.179
48.187
48.193
48.197
48.221
48.239
48.247
48.259
48.271
48.281
48.299
48.311
48.313
48.337
48.341
48.353
48.371
48.383
48.397
48.407
48.409
48.413
48.437
48.449
48.463
48.473
48.479
48.481
48.487
48.491
48.497
48.523
48.527
48.533
48.539
48.541
48.563
48.571
48.589
48.593
48.611
48.619
48.623
48.647
48.649
48.661
48.673
48.677
48.679
48.731
48.733
48.751
48.757
48.761
48.767
48.779
48.781
48.787
48.799
48.809
48.817
48.821
48.823
48.847
48.857
48.859
48.869
48.871
48.883
48.889
48.907
48.947
48.953
48.973
48.989
48.991
49.003
49.009
49.019
49.031
49.033
49.037
49.043
49.057
49.069
49.081
49.103
49.109
49.117
49.121
49.123
49.139
49.157
49.169
49.171
49.177
49.193
49.199
49.201
49.207
49.211
49.223
49.253
49.261
49.277
49.279
49.297
49.307
49.331
49.333
49.339
49.363
49.367
49.369
49.391
49.393
49.409
49.411
49.417
49.429
49.433
49.451
49.459
49.463
49.477
49.481
49.499
49.523
49.529
49.531
49.537
49.547
49.549
49.559
49.597
49.603
49.613
49.627
49.633
49.639
49.663
49.667
49.669
49.681
49.697
49.711
49.727
49.739
49.741
49.747
49.757
49.783
49.787
49.789
49.801
49.807
49.811
49.823
49.831
49.843
49.853
49.871
49.877
49.891
49.919
49.921
49.927
49.937
49.939
49.943
49.957
49.991
49.993
49.999
50.021
50.023
50.033
50.047
50.051
50.053
50.069
50.077
50.087
50.093
50.101
50.111
50.119
50.123
50.129
50.131
50.147
50.153
50.159
50.177
50.207
50.221
50.227
50.231
50.261
50.263
50.273
50.287
50.291
50.311
50.321
50.329
50.333
50.341
50.359
50.363
50.377
50.383
50.387
50.411
50.417
50.423
50.441
50.459
50.461
50.497
50.503
50.513
50.527
50.539
50.543
50.549
50.551
50.581
50.587
50.591
50.593
50.599
50.627
50.647
50.651
50.671
50.683
50.707
50.723
50.741
50.753
50.767
50.773
50.777
50.789
50.821
50.833
50.839
50.849
50.857
50.867
50.873
50.891
50.893
50.909
50.923
50.929
50.951
50.957
50.969
50.971
50.989
50.993
51.001
51.031
51.043
51.047
51.059
51.061
51.071
51.109
51.131
51.133
51.137
51.151
51.157
51.169
51.193
51.197
51.199
51.203
51.217
51.229
51.239
51.241
51.257
51.263
51.283
51.287
51.307
51.329
51.341
51.343
51.347
51.349
51.361
51.383
51.407
51.413
51.419
51.421
51.427
51.431
51.437
51.439
51.449
51.461
51.473
51.479
51.481
51.487
51.503
51.511
51.517
51.521
51.539
51.551
51.563
51.577
51.581
51.593
51.599
51.607
51.613
51.631
51.637
51.647
51.659
51.673
51.679
51.683
51.691
51.713
51.719
51.721
51.749
51.767
51.769
51.787
51.797
51.803
51.817
51.827
51.829
51.839
51.853
51.859
51.869
51.871
51.893
51.899
51.907
51.913
51.929
51.941
51.949
51.971
51.973
51.977
51.991
52.009
52.021
52.027
52.051
52.057
52.067
52.069
52.081
52.103
52.121
52.127
52.147
52.153
52.163
52.177
52.181
52.183
52.189
52.201
52.223
52.237
52.249
52.253
52.259
52.267
52.289
52.291
52.301
52.313
52.321
52.361
52.363
52.369
52.379
52.387
52.391
52.433
52.453
52.457
52.489
52.501
52.511
52.517
52.529
52.541
52.543
52.553
52.561
52.567
52.571
52.579
52.583
52.609
52.627
52.631
52.639
52.667
52.673
52.691
52.697
52.709
52.711
52.721
52.727
52.733
52.747
52.757
52.769
52.783
52.807
52.813
52.817
52.837
52.859
52.861
52.879
52.883
52.889
52.901
52.903
52.919
52.937
52.951
52.957
52.963
52.967
52.973
52.981
52.999
53.003
53.017
53.047
53.051
53.069
53.077
53.087
53.089
53.093
53.101
53.113
53.117
53.129
53.147
53.149
53.161
53.171
53.173
53.189
53.197
53.201
53.231
53.233
53.239
53.267
53.269
53.279
53.281
53.299
53.309
53.323
53.327
53.353
53.359
53.377
53.381
53.401
53.407
53.411
53.419
53.437
53.441
53.453
53.479
53.503
53.507
53.527
53.549
53.551
53.569
53.591
53.593
53.597
53.609
53.611
53.617
53.623
53.629
53.633
53.639
53.653
53.657
53.681
53.693
53.699
53.717
53.719
53.731
53.759
53.773
53.777
53.783
53.791
53.813
53.819
53.831
53.849
53.857
53.861
53.881
53.887
53.891
53.897
53.899
53.917
53.923
53.927
53.939
53.951
53.959
53.987
53.993
54.001
54.011
54.013
54.037
54.049
54.059
54.083
54.091
54.101
54.121
54.133
54.139
54.151
54.163
54.167
54.181
54.193
54.217
54.251
54.269
54.277
54.287
54.293
54.311
54.319
54.323
54.331
54.347
54.361
54.367
54.371
54.377
54.401
54.403
54.409
54.413
54.419
54.421
54.437
54.443
54.449
54.469
54.493
54.497
54.499
54.503
54.517
54.521
54.539
54.541
54.547
54.559
54.563
54.577
54.581
54.583
54.601
54.617
54.623
54.629
54.631
54.647
54.667
54.673
54.679
54.709
54.713
54.721
54.727
54.751
54.767
54.773
54.779
54.787
54.799
54.829
54.833
54.851
54.869
54.877
54.881
54.907
54.917
54.919
54.941
54.949
54.959
54.973
54.979
54.983
55.001
55.009
55.021
55.049
55.051
55.057
55.061
55.073
55.079
55.103
55.109
55.117
55.127
55.147
55.163
55.171
55.201
55.207
55.213
55.217
55.219
55.229
55.243
55.249
55.259
55.291
55.313
55.331
55.333
55.337
55.339
55.343
55.351
55.373
55.381
55.399
55.411
55.439
55.441
55.457
55.469
55.487
55.501
55.511
55.529
55.541
55.547
55.579
55.589
55.603
55.609
55.619
55.621
55.631
55.633
55.639
55.661
55.663
55.667
55.673
55.681
55.691
55.697
55.711
55.717
55.721
55.733
55.763
55.787
55.793
55.799
55.807
55.813
55.817
55.819
55.823
55.829
55.837
55.843
55.849
55.871
55.889
55.897
55.901
55.903
55.921
55.927
55.931
55.933
55.949
55.967
55.987
55.997
56.003
56.009
56.039
56.041
56.053
56.081
56.087
56.093
56.099
56.101
56.113
56.123
56.131
56.149
56.167
56.171
56.179
56.197
56.207
56.209
56.237
56.239
56.249
56.263
56.267
56.269
56.299
56.311
56.333
56.359
56.369
56.377
56.383
56.393
56.401
56.417
56.431
56.437
56.443
56.453
56.467
56.473
56.477
56.479
56.489
56.501
56.503
56.509
56.519
56.527
56.531
56.533
56.543
56.569
56.591
56.597
56.599
56.611
56.629
56.633
56.659
56.663
56.671
56.681
56.687
56.701
56.711
56.713
56.731
56.737
56.747
56.767
56.773
56.779
56.783
56.807
56.809
56.813
56.821
56.827
56.843
56.857
56.873
56.891
56.893
56.897
56.909
56.911
56.921
56.923
56.929
56.941
56.951
56.957
56.963
56.983
56.989
56.993
56.999
57.037
57.041
57.047
57.059
57.073
57.077
57.089
57.097
57.107
57.119
57.131
57.139
57.143
57.149
57.163
57.173
57.179
57.191
57.193
57.203
57.221
57.223
57.241
57.251
57.259
57.269
57.271
57.283
57.287
57.301
57.329
57.331
57.347
57.349
57.367
57.373
57.383
57.389
57.397
57.413
57.427
57.457
57.467
57.487
57.493
57.503
57.527
57.529
57.557
57.559
57.571
57.587
57.593
57.601
57.637
57.641
57.649
57.653
57.667
57.679
57.689
57.697
57.709
57.713
57.719
57.727
57.731
57.737
57.751
57.773
57.781
57.787
57.791
57.793
57.803
57.809
57.829
57.839
57.847
57.853
57.859
57.881
57.899
57.901
57.917
57.923
57.943
57.947
57.973
57.977
57.991
58.013
58.027
58.031
58.043
58.049
58.057
58.061
58.067
58.073
58.099
58.109
58.111
58.129
58.147
58.151
58.153
58.169
58.171
58.189
58.193
58.199
58.207
58.211
58.217
58.229
58.231
58.237
58.243
58.271
58.309
58.313
58.321
58.337
58.363
58.367
58.369
58.379
58.391
58.393
58.403
58.411
58.417
58.427
58.439
58.441
58.451
58.453
58.477
58.481
58.511
58.537
58.543
58.549
58.567
58.573
58.579
58.601
58.603
58.613
58.631
58.657
58.661
58.679
58.687
58.693
58.699
58.711
58.727
58.733
58.741
58.757
58.763
58.771
58.787
58.789
58.831
58.889
58.897
58.901
58.907
58.909
58.913
58.921
58.937
58.943
58.963
58.967
58.979
58.991
58.997
59.009
59.011
59.021
59.023
59.029
59.051
59.053
59.063
59.069
59.077
59.083
59.093
59.107
59.113
59.119
59.123
59.141
59.149
59.159
59.167
59.183
59.197
59.207
59.209
59.219
59.221
59.233
59.239
59.243
59.263
59.273
59.281
59.333
59.341
59.351
59.357
59.359
59.369
59.377
59.387
59.393
59.399
59.407
59.417
59.419
59.441
59.443
59.447
59.453
59.467
59.471
59.473
59.497
59.509
59.513
59.539
59.557
59.561
59.567
59.581
59.611
59.617
59.621
59.627
59.629
59.651
59.659
59.663
59.669
59.671
59.693
59.699
59.707
59.723
59.729
59.743
59.747
59.753
59.771
59.779
59.791
59.797
59.809
59.833
59.863
59.879
59.887
59.921
59.929
59.951
59.957
59.971
59.981
59.999
60.013
60.017
60.029
60.037
60.041
60.077
60.083
60.089
60.091
60.101
60.103
60.107
60.127
60.133
60.139
60.149
60.161
60.167
60.169
60.209
60.217
60.223
60.251
60.257
60.259
60.271
60.289
60.293
60.317
60.331
60.337
60.343
60.353
60.373
60.383
60.397
60.413
60.427
60.443
60.449
60.457
60.493
60.497
60.509
60.521
60.527
60.539
60.589
60.601
60.607
60.611
60.617
60.623
60.631
60.637
60.647
60.649
60.659
60.661
60.679
60.689
60.703
60.719
60.727
60.733
60.737
60.757
60.761
60.763
60.773
60.779
60.793
60.811
60.821
60.859
60.869
60.887
60.889
60.899
60.901
60.913
60.917
60.919
60.923
60.937
60.943
60.953
60.961
61.001
61.007
61.027
61.031
61.043
61.051
61.057
61.091
61.099
61.121
61.129
61.141
61.151
61.153
61.169
61.211
61.223
61.231
61.253
61.261
61.283
61.291
61.297
61.331
61.333
61.339
61.343
61.357
61.363
61.379
61.381
61.403
61.409
61.417
61.441
61.463
61.469
61.471
61.483
61.487
61.493
61.507
61.511
61.519
61.543
61.547
61.553
61.559
61.561
61.583
61.603
61.609
61.613
61.627
61.631
61.637
61.643
61.651
61.657
61.667
61.673
61.681
61.687
61.703
61.717
61.723
61.729
61.751
61.757
61.781
61.813
61.819
61.837
61.843
61.861
61.871
61.879
61.909
61.927
61.933
61.949
61.961
61.967
61.979
61.981
61.987
61.991
62.003
62.011
62.017
62.039
62.047
62.053
62.057
62.071
62.081
62.099
62.119
62.129
62.131
62.137
62.141
62.143
62.171
62.189
62.191
62.201
62.207
62.213
62.219
62.233
62.273
62.297
62.299
62.303
62.311
62.323
62.327
62.347
62.351
62.383
62.401
62.417
62.423
62.459
62.467
62.473
62.477
62.483
62.497
62.501
62.507
62.533
62.539
62.549
62.563
62.581
62.591
62.597
62.603
62.617
62.627
62.633
62.639
62.653
62.659
62.683
62.687
62.701
62.723
62.731
62.743
62.753
62.761
62.773
62.791
62.801
62.819
62.827
62.851
62.861
62.869
62.873
62.897
62.903
62.921
62.927
62.929
62.939
62.969
62.971
62.981
62.983
62.987
62.989
63.029
63.031
63.059
63.067
63.073
63.079
63.097
63.103
63.113
63.127
63.131
63.149
63.179
63.197
63.199
63.211
63.241
63.247
63.277
63.281
63.299
63.311
63.313
63.317
63.331
63.337
63.347
63.353
63.361
63.367
63.377
63.389
63.391
63.397
63.409
63.419
63.421
63.439
63.443
63.463
63.467
63.473
63.487
63.493
63.499
63.521
63.527
63.533
63.541
63.559
63.577
63.587
63.589
63.599
63.601
63.607
63.611
63.617
63.629
63.647
63.649
63.659
63.667
63.671
63.689
63.691
63.697
63.703
63.709
63.719
63.727
63.737
63.743
63.761
63.773
63.781
63.793
63.799
63.803
63.809
63.823
63.839
63.841
63.853
63.857
63.863
63.901
63.907
63.913
63.929
63.949
63.977
63.997
64.007
64.013
64.019
64.033
64.037
64.063
64.067
64.081
64.091
64.109
64.123
64.151
64.153
64.157
64.171
64.187
64.189
64.217
64.223
64.231
64.237
64.271
64.279
64.283
64.301
64.303
64.319
64.327
64.333
64.373
64.381
64.399
64.403
64.433
64.439
64.451
64.453
64.483
64.489
64.499
64.513
64.553
64.567
64.577
64.579
64.591
64.601
64.609
64.613
64.621
64.627
64.633
64.661
64.663
64.667
64.679
64.693
64.709
64.717
64.747
64.763
64.781
64.783
64.793
64.811
64.817
64.849
64.853
64.871
64.877
64.879
64.891
64.901
64.919
64.921
64.927
64.937
64.951
64.969
64.997
65.003
65.011
65.027
65.029
65.033
65.053
65.063
65.071
65.089
65.099
65.101
65.111
65.119
65.123
65.129
65.141
65.147
65.167
65.171
65.173
65.179
65.183
65.203
65.213
65.239
65.257
65.267
65.269
65.287
65.293
65.309
65.323
65.327
65.353
65.357
65.371
65.381
65.393
65.407
65.413
65.419
65.423
65.437
65.447
65.449
65.479
65.497
65.519
65.521
65.537
65.539
65.543
65.551
65.557
65.563
65.579
65.581
65.587
65.599
65.609
65.617
65.629
65.633
65.647
65.651
65.657
65.677
65.687
65.699
65.701
65.707
65.713
65.717
65.719
65.729
65.731
65.761
65.777
65.789
65.809
65.827
65.831
65.837
65.839
65.843
65.851
65.867
65.881
65.899
65.921
65.927
65.929
65.951
65.957
65.963
65.981
65.983
65.993
66.029
66.037
66.041
66.047
66.067
66.071
66.083
66.089
66.103
66.107
66.109
66.137
66.161
66.169
66.173
66.179
66.191
66.221
66.239
66.271
66.293
66.301
66.337
66.343
66.347
66.359
66.361
66.373
66.377
66.383
66.403
66.413
66.431
66.449
66.457
66.463
66.467
66.491
66.499
66.509
66.523
66.529
66.533
66.541
66.553
66.569
66.571
66.587
66.593
66.601
66.617
66.629
66.643
66.653
66.683
66.697
66.701
66.713
66.721
66.733
66.739
66.749
66.751
66.763
66.791
66.797
66.809
66.821
66.841
66.851
66.853
66.863
66.877
66.883
66.889
66.919
66.923
66.931
66.943
66.947
66.949
66.959
66.973
66.977
67.003
67.021
67.033
67.043
67.049
67.057
67.061
67.073
67.079
67.103
67.121
67.129
67.139
67.141
67.153
67.157
67.169
67.181
67.187
67.189
67.211
67.213
67.217
67.219
67.231
67.247
67.261
67.271
67.273
67.289
67.307
67.339
67.343
67.349
67.369
67.391
67.399
67.409
67.411
67.421
67.427
67.429
67.433
67.447
67.453
67.477
67.481
67.489
67.493
67.499
67.511
67.523
67.531
67.537
67.547
67.559
67.567
67.577
67.579
67.589
67.601
67.607
67.619
67.631
67.651
67.679
67.699
67.709
67.723
67.733
67.741
67.751
67.757
67.759
67.763
67.777
67.783
67.789
67.801
67.807
67.819
67.829
67.843
67.853
67.867
67.883
67.891
67.901
67.927
67.931
67.933
67.939
67.943
67.957
67.961
67.967
67.979
67.987
67.993
68.023
68.041
68.053
68.059
68.071
68.087
68.099
68.111
68.113
68.141
68.147
68.161
68.171
68.207
68.209
68.213
68.219
68.227
68.239
68.261
68.279
68.281
68.311
68.329
68.351
68.371
68.389
68.399
68.437
68.443
68.447
68.449
68.473
68.477
68.483
68.489
68.491
68.501
68.507
68.521
68.531
68.539
68.543
68.567
68.581
68.597
68.611
68.633
68.639
68.659
68.669
68.683
68.687
68.699
68.711
68.713
68.729
68.737
68.743
68.749
68.767
68.771
68.777
68.791
68.813
68.819
68.821
68.863
68.879
68.881
68.891
68.897
68.899
68.903
68.909
68.917
68.927
68.947
68.963
68.993
69.001
69.011
69.019
69.029
69.031
69.061
69.067
69.073
69.109
69.119
69.127
69.143
69.149
69.151
69.163
69.191
69.193
69.197
69.203
69.221
69.233
69.239
69.247
69.257
69.259
69.263
69.313
69.317
69.337
69.341
69.371
69.379
69.383
69.389
69.401
69.403
69.427
69.431
69.439
69.457
69.463
69.467
69.473
69.481
69.491
69.493
69.497
69.499
69.539
69.557
69.593
69.623
69.653
69.661
69.677
69.691
69.697
69.709
69.737
69.739
69.761
69.763
69.767
69.779
69.809
69.821
69.827
69.829
69.833
69.847
69.857
69.859
69.877
69.899
69.911
69.929
69.931
69.941
69.959
69.991
69.997
70.001
70.003
70.009
70.019
70.039
70.051
70.061
70.067
70.079
70.099
70.111
70.117
70.121
70.123
70.139
70.141
70.157
70.163
70.177
70.181
70.183
70.199
70.201
70.207
70.223
70.229
70.237
70.241
70.249
70.271
70.289
70.297
70.309
70.313
70.321
70.327
70.351
70.373
70.379
70.381
70.393
70.423
70.429
70.439
70.451
70.457
70.459
70.481
70.487
70.489
70.501
70.507
70.529
70.537
70.549
70.571
70.573
70.583
70.589
70.607
70.619
70.621
70.627
70.639
70.657
70.663
70.667
70.687
70.709
70.717
70.729
70.753
70.769
70.783
70.793
70.823
70.841
70.843
70.849
70.853
70.867
70.877
70.879
70.891
70.901
70.913
70.919
70.921
70.937
70.949
70.951
70.957
70.969
70.979
70.981
70.991
70.997
70.999
71.011
71.023
71.039
71.059
71.069
71.081
71.089
71.119
71.129
71.143
71.147
71.153
71.161
71.167
71.171
71.191
71.209
71.233
71.237
71.249
71.257
71.261
71.263
71.287
71.293
71.317
71.327
71.329
71.333
71.339
71.341
71.347
71.353
71.359
71.363
71.387
71.389
71.399
71.411
71.413
71.419
71.429
71.437
71.443
71.453
71.471
71.473
71.479
71.483
71.503
71.527
71.537
71.549
71.551
71.563
71.569
71.593
71.597
71.633
71.647
71.663
71.671
71.693
71.699
71.707
71.711
71.713
71.719
71.741
71.761
71.777
71.789
71.807
71.809
71.821
71.837
71.843
71.849
71.861
71.867
71.879
71.881
71.887
71.899
71.909
71.917
71.933
71.941
71.947
71.963
71.971
71.983
71.987
71.993
71.999
72.019
72.031
72.043
72.047
72.053
72.073
72.077
72.089
72.091
72.101
72.103
72.109
72.139
72.161
72.167
72.169
72.173
72.211
72.221
72.223
72.227
72.229
72.251
72.253
72.269
72.271
72.277
72.287
72.307
72.313
72.337
72.341
72.353
72.367
72.379
72.383
72.421
72.431
72.461
72.467
72.469
72.481
72.493
72.497
72.503
72.533
72.547
72.551
72.559
72.577
72.613
72.617
72.623
72.643
72.647
72.649
72.661
72.671
72.673
72.679
72.689
72.701
72.707
72.719
72.727
72.733
72.739
72.763
72.767
72.797
72.817
72.823
72.859
72.869
72.871
72.883
72.889
72.893
72.901
72.907
72.911
72.923
72.931
72.937
72.949
72.953
72.959
72.973
72.977
72.997
73.009
73.013
73.019
73.037
73.039
73.043
73.061
73.063
73.079
73.091
73.121
73.127
73.133
73.141
73.181
73.189
73.237
73.243
73.259
73.277
73.291
73.303
73.309
73.327
73.331
73.351
73.361
73.363
73.369
73.379
73.387
73.417
73.421
73.433
73.453
73.459
73.471
73.477
73.483
73.517
73.523
73.529
73.547
73.553
73.561
73.571
73.583
73.589
73.597
73.607
73.609
73.613
73.637
73.643
73.651
73.673
73.679
73.681
73.693
73.699
73.709
73.721
73.727
73.751
73.757
73.771
73.783
73.819
73.823
73.847
73.849
73.859
73.867
73.877
73.883
73.897
73.907
73.939
73.943
73.951
73.961
73.973
73.999
74.017
74.021
74.027
74.047
74.051
74.071
74.077
74.093
74.099
74.101
74.131
74.143
74.149
74.159
74.161
74.167
74.177
74.189
74.197
74.201
74.203
74.209
74.219
74.231
74.257
74.279
74.287
74.293
74.297
74.311
74.317
74.323
74.353
74.357
74.363
74.377
74.381
74.383
74.411
74.413
74.419
74.441
74.449
74.453
74.471
74.489
74.507
74.509
74.521
74.527
74.531
74.551
74.561
74.567
74.573
74.587
74.597
74.609
74.611
74.623
74.653
74.687
74.699
74.707
74.713
74.717
74.719
74.729
74.731
74.747
74.759
74.761
74.771
74.779
74.797
74.821
74.827
74.831
74.843
74.857
74.861
74.869
74.873
74.887
74.891
74.897
74.903
74.923
74.929
74.933
74.941
74.959
75.011
75.013
75.017
75.029
75.037
75.041
75.079
75.083
75.109
75.133
75.149
75.161
75.167
75.169
75.181
75.193
75.209
75.211
75.217
75.223
75.227
75.239
75.253
75.269
75.277
75.289
75.307
75.323
75.329
75.337
75.347
75.353
75.367
75.377
75.389
75.391
75.401
75.403
75.407
75.431
75.437
75.479
75.503
75.511
75.521
75.527
75.533
75.539
75.541
75.553
75.557
75.571
75.577
75.583
75.611
75.617
75.619
75.629
75.641
75.653
75.659
75.679
75.683
75.689
75.703
75.707
75.709
75.721
75.731
75.743
75.767
75.773
75.781
75.787
75.793
75.797
75.821
75.833
75.853
75.869
75.883
75.913
75.931
75.937
75.941
75.967
75.979
75.983
75.989
75.991
75.997
76.001
76.003
76.031
76.039
76.079
76.081
76.091
76.099
76.103
76.123
76.129
76.147
76.157
76.159
76.163
76.207
76.213
76.231
76.243
76.249
76.253
76.259
76.261
76.283
76.289
76.303
76.333
76.343
76.367
76.369
76.379
76.387
76.403
76.421
76.423
76.441
76.463
76.471
76.481
76.487
76.493
76.507
76.511
76.519
76.537
76.541
76.543
76.561
76.579
76.597
76.603
76.607
76.631
76.649
76.651
76.667
76.673
76.679
76.697
76.717
76.733
76.753
76.757
76.771
76.777
76.781
76.801
76.819
76.829
76.831
76.837
76.847
76.871
76.873
76.883
76.907
76.913
76.919
76.943
76.949
76.961
76.963
76.991
77.003
77.017
77.023
77.029
77.041
77.047
77.069
77.081
77.093
77.101
77.137
77.141
77.153
77.167
77.171
77.191
77.201
77.213
77.237
77.239
77.243
77.249
77.261
77.263
77.267
77.269
77.279
77.291
77.317
77.323
77.339
77.347
77.351
77.359
77.369
77.377
77.383
77.417
77.419
77.431
77.447
77.471
77.477
77.479
77.489
77.491
77.509
77.513
77.521
77.527
77.543
77.549
77.551
77.557
77.563
77.569
77.573
77.587
77.591
77.611
77.617
77.621
77.641
77.647
77.659
77.681
77.687
77.689
77.699
77.711
77.713
77.719
77.723
77.731
77.743
77.747
77.761
77.773
77.783
77.797
77.801
77.813
77.839
77.849
77.863
77.867
77.893
77.899
77.929
77.933
77.951
77.969
77.977
77.983
77.999
78.007
78.017
78.031
78.041
78.049
78.059
78.079
78.101
78.121
78.137
78.139
78.157
78.163
78.167
78.173
78.179
78.191
78.193
78.203
78.229
78.233
78.241
78.259
78.277
78.283
78.301
78.307
78.311
78.317
78.341
78.347
78.367
78.401
78.427
78.437
78.439
78.467
78.479
78.487
78.497
78.509
78.511
78.517
78.539
78.541
78.553
78.569
78.571
78.577
78.583
78.593
78.607
78.623
78.643
78.649
78.653
78.691
78.697
78.707
78.713
78.721
78.737
78.779
78.781
78.787
78.791
78.797
78.803
78.809
78.823
78.839
78.853
78.857
78.877
78.887
78.889
78.893
78.901
78.919
78.929
78.941
78.977
78.979
78.989
79.031
79.039
79.043
79.063
79.087
79.103
79.111
79.133
79.139
79.147
79.151
79.153
79.159
79.181
79.187
79.193
79.201
79.229
79.231
79.241
79.259
79.273
79.279
79.283
79.301
79.309
79.319
79.333
79.337
79.349
79.357
79.367
79.379
79.393
79.397
79.399
79.411
79.423
79.427
79.433
79.451
79.481
79.493
79.531
79.537
79.549
79.559
79.561
79.579
79.589
79.601
79.609
79.613
79.621
79.627
79.631
79.633
79.657
79.669
79.687
79.691
79.693
79.697
79.699
79.757
79.769
79.777
79.801
79.811
79.813
79.817
79.823
79.829
79.841
79.843
79.847
79.861
79.867
79.873
79.889
79.901
79.903
79.907
79.939
79.943
79.967
79.973
79.979
79.987
79.997
79.999
80.021
80.039
80.051
80.071
80.077
80.107
80.111
80.141
80.147
80.149
80.153
80.167
80.173
80.177
80.191
80.207
80.209
80.221
80.231
80.233
80.239
80.251
80.263
80.273
80.279
80.287
80.309
80.317
80.329
80.341
80.347
80.363
80.369
80.387
80.407
80.429
80.447
80.449
80.471
80.473
80.489
80.491
80.513
80.527
80.537
80.557
80.567
80.599
80.603
80.611
80.621
80.627
80.629
80.651
80.657
80.669
80.671
80.677
80.681
80.683
80.687
80.701
80.713
80.737
80.747
80.749
80.761
80.777
80.779
80.783
80.789
80.803
80.809
80.819
80.831
80.833
80.849
80.863
80.897
80.909
80.911
80.917
80.923
80.929
80.933
80.953
80.963
80.989
81.001
81.013
81.017
81.019
81.023
81.031
81.041
81.043
81.047
81.049
81.071
81.077
81.083
81.097
81.101
81.119
81.131
81.157
81.163
81.173
81.181
81.197
81.199
81.203
81.223
81.233
81.239
81.281
81.283
81.293
81.299
81.307
81.331
81.343
81.349
81.353
81.359
81.371
81.373
81.401
81.409
81.421
81.439
81.457
81.463
81.509
81.517
81.527
81.533
81.547
81.551
81.553
81.559
81.563
81.569
81.611
81.619
81.629
81.637
81.647
81.649
81.667
81.671
81.677
81.689
81.701
81.703
81.707
81.727
81.737
81.749
81.761
81.769
81.773
81.799
81.817
81.839
81.847
81.853
81.869
81.883
81.899
81.901
81.919
81.929
81.931
81.937
81.943
81.953
81.967
81.971
81.973
82.003
82.007
82.009
82.013
82.021
82.031
82.037
82.039
82.051
82.067
82.073
82.129
82.139
82.141
82.153
82.163
82.171
82.183
82.189
82.193
82.207
82.217
82.219
82.223
82.231
82.237
82.241
82.261
82.267
82.279
82.301
82.307
82.339
82.349
82.351
82.361
82.373
82.387
82.393
82.421
82.457
82.463
82.469
82.471
82.483
82.487
82.493
82.499
82.507
82.529
82.531
82.549
82.559
82.561
82.567
82.571
82.591
82.601
82.609
82.613
82.619
82.633
82.651
82.657
82.699
82.721
82.723
82.727
82.729
82.757
82.759
82.763
82.781
82.787
82.793
82.799
82.811
82.813
82.837
82.847
82.883
82.889
82.891
82.903
82.913
82.939
82.963
82.981
82.997
83.003
83.009
83.023
83.047
83.059
83.063
83.071
83.077
83.089
83.093
83.101
83.117
83.137
83.177
83.203
83.207
83.219
83.221
83.227
83.231
83.233
83.243
83.257
83.267
83.269
83.273
83.299
83.311
83.339
83.341
83.357
83.383
83.389
83.399
83.401
83.407
83.417
83.423
83.431
83.437
83.443
83.449
83.459
83.471
83.477
83.497
83.537
83.557
83.561
83.563
83.579
83.591
83.597
83.609
83.617
83.621
83.639
83.641
83.653
83.663
83.689
83.701
83.717
83.719
83.737
83.761
83.773
83.777
83.791
83.813
83.833
83.843
83.857
83.869
83.873
83.891
83.903
83.911
83.921
83.933
83.939
83.969
83.983
83.987
84.011
84.017
84.047
84.053
84.059
84.061
84.067
84.089
84.121
84.127
84.131
84.137
84.143
84.163
84.179
84.181
84.191
84.199
84.211
84.221
84.223
84.229
84.239
84.247
84.263
84.299
84.307
84.313
84.317
84.319
84.347
84.349
84.377
84.389
84.391
84.401
84.407
84.421
84.431
84.437
84.443
84.449
84.457
84.463
84.467
84.481
84.499
84.503
84.509
84.521
84.523
84.533
84.551
84.559
84.589
84.629
84.631
84.649
84.653
84.659
84.673
84.691
84.697
84.701
84.713
84.719
84.731
84.737
84.751
84.761
84.787
84.793
84.809
84.811
84.827
84.857
84.859
84.869
84.871
84.913
84.919
84.947
84.961
84.967
84.977
84.979
84.991
85.009
85.021
85.027
85.037
85.049
85.061
85.081
85.087
85.091
85.093
85.103
85.109
85.121
85.133
85.147
85.159
85.193
85.199
85.201
85.213
85.223
85.229
85.237
85.243
85.247
85.259
85.297
85.303
85.313
85.331
85.333
85.361
85.363
85.369
85.381
85.411
85.427
85.429
85.439
85.447
85.451
85.453
85.469
85.487
85.513
85.517
85.523
85.531
85.549
85.571
85.577
85.597
85.601
85.607
85.619
85.621
85.627
85.639
85.643
85.661
85.667
85.669
85.691
85.703
85.711
85.717
85.733
85.751
85.781
85.793
85.817
85.819
85.829
85.831
85.837
85.843
85.847
85.853
85.889
85.903
85.909
85.931
85.933
85.991
85.999
86.011
86.017
86.027
86.029
86.069
86.077
86.083
86.111
86.113
86.117
86.131
86.137
86.143
86.161
86.171
86.179
86.183
86.197
86.201
86.209
86.239
86.243
86.249
86.257
86.263
86.269
86.287
86.291
86.293
86.297
86.311
86.323
86.341
86.351
86.353
86.357
86.369
86.371
86.381
86.389
86.399
86.413
86.423
86.441
86.453
86.461
86.467
86.477
86.491
86.501
86.509
86.531
86.533
86.539
86.561
86.573
86.579
86.587
86.599
86.627
86.629
86.677
86.689
86.693
86.711
86.719
86.729
86.743
86.753
86.767
86.771
86.783
86.813
86.837
86.843
86.851
86.857
86.861
86.869
86.923
86.927
86.929
86.939
86.951
86.959
86.969
86.981
86.993
87.011
87.013
87.037
87.041
87.049
87.071
87.083
87.103
87.107
87.119
87.121
87.133
87.149
87.151
87.179
87.181
87.187
87.211
87.221
87.223
87.251
87.253
87.257
87.277
87.281
87.293
87.299
87.313
87.317
87.323
87.337
87.359
87.383
87.403
87.407
87.421
87.427
87.433
87.443
87.473
87.481
87.491
87.509
87.511
87.517
87.523
87.539
87.541
87.547
87.553
87.557
87.559
87.583
87.587
87.589
87.613
87.623
87.629
87.631
87.641
87.643
87.649
87.671
87.679
87.683
87.691
87.697
87.701
87.719
87.721
87.739
87.743
87.751
87.767
87.793
87.797
87.803
87.811
87.833
87.853
87.869
87.877
87.881
87.887
87.911
87.917
87.931
87.943
87.959
87.961
87.973
87.977
87.991
88.001
88.003
88.007
88.019
88.037
88.069
88.079
88.093
88.117
88.129
88.169
88.177
88.211
88.223
88.237
88.241
88.259
88.261
88.289
88.301
88.321
88.327
88.337
88.339
88.379
88.397
88.411
88.423
88.427
88.463
88.469
88.471
88.493
88.499
88.513
88.523
88.547
88.589
88.591
88.607
88.609
88.643
88.651
88.657
88.661
88.663
88.667
88.681
88.721
88.729
88.741
88.747
88.771
88.789
88.793
88.799
88.801
88.807
88.811
88.813
88.817
88.819
88.843
88.853
88.861
88.867
88.873
88.883
88.897
88.903
88.919
88.937
88.951
88.969
88.993
88.997
89.003
89.009
89.017
89.021
89.041
89.051
89.057
89.069
89.071
89.083
89.087
89.101
89.107
89.113
89.119
89.123
89.137
89.153
89.189
89.203
89.209
89.213
89.227
89.231
89.237
89.261
89.269
89.273
89.293
89.303
89.317
89.329
89.363
89.371
89.381
89.387
89.393
89.399
89.413
89.417
89.431
89.443
89.449
89.459
89.477
89.491
89.501
89.513
89.519
89.521
89.527
89.533
89.561
89.563
89.567
89.591
89.597
89.599
89.603
89.611
89.627
89.633
89.653
89.657
89.659
89.669
89.671
89.681
89.689
89.753
89.759
89.767
89.779
89.783
89.797
89.809
89.819
89.821
89.833
89.839
89.849
89.867
89.891
89.897
89.899
89.909
89.917
89.923
89.939
89.959
89.963
89.977
89.983
89.989
90.001
90.007
90.011
90.017
90.019
90.023
90.031
90.053
90.059
90.067
90.071
90.073
90.089
90.107
90.121
90.127
90.149
90.163
90.173
90.187
90.191
90.197
90.199
90.203
90.217
90.227
90.239
90.247
90.263
90.271
90.281
90.289
90.313
90.353
90.359
90.371
90.373
90.379
90.397
90.401
90.403
90.407
90.437
90.439
90.469
90.473
90.481
90.499
90.511
90.523
90.527
90.529
90.533
90.547
90.583
90.599
90.617
90.619
90.631
90.641
90.647
90.659
90.677
90.679
90.697
90.703
90.709
90.731
90.749
90.787
90.793
90.803
90.821
90.823
90.833
90.841
90.847
90.863
90.887
90.901
90.907
90.911
90.917
90.931
90.947
90.971
90.977
90.989
90.997
91.009
91.019
91.033
91.079
91.081
91.097
91.099
91.121
91.127
91.129
91.139
91.141
91.151
91.153
91.159
91.163
91.183
91.193
91.199
91.229
91.237
91.243
91.249
91.253
91.283
91.291
91.297
91.303
91.309
91.331
91.367
91.369
91.373
91.381
91.387
91.393
91.397
91.411
91.423
91.433
91.453
91.457
91.459
91.463
91.493
91.499
91.513
91.529
91.541
91.571
91.573
91.577
91.583
91.591
91.621
91.631
91.639
91.673
91.691
91.703
91.711
91.733
91.753
91.757
91.771
91.781
91.801
91.807
91.811
91.813
91.823
91.837
91.841
91.867
91.873
91.909
91.921
91.939
91.943
91.951
91.957
91.961
91.967
91.969
91.997
92.003
92.009
92.033
92.041
92.051
92.077
92.083
92.107
92.111
92.119
92.143
92.153
92.173
92.177
92.179
92.189
92.203
92.219
92.221
92.227
92.233
92.237
92.243
92.251
92.269
92.297
92.311
92.317
92.333
92.347
92.353
92.357
92.363
92.369
92.377
92.381
92.383
92.387
92.399
92.401
92.413
92.419
92.431
92.459
92.461
92.467
92.479
92.489
92.503
92.507
92.551
92.557
92.567
92.569
92.581
92.593
92.623
92.627
92.639
92.641
92.647
92.657
92.669
92.671
92.681
92.683
92.693
92.699
92.707
92.717
92.723
92.737
92.753
92.761
92.767
92.779
92.789
92.791
92.801
92.809
92.821
92.831
92.849
92.857
92.861
92.863
92.867
92.893
92.899
92.921
92.927
92.941
92.951
92.957
92.959
92.987
92.993
93.001
93.047
93.053
93.059
93.077
93.083
93.089
93.097
93.103
93.113
93.131
93.133
93.139
93.151
93.169
93.179
93.187
93.199
93.229
93.239
93.241
93.251
93.253
93.257
93.263
93.281
93.283
93.287
93.307
93.319
93.323
93.329
93.337
93.371
93.377
93.383
93.407
93.419
93.427
93.463
93.479
93.481
93.487
93.491
93.493
93.497
93.503
93.523
93.529
93.553
93.557
93.559
93.563
93.581
93.601
93.607
93.629
93.637
93.683
93.701
93.703
93.719
93.739
93.761
93.763
93.787
93.809
93.811
93.827
93.851
93.871
93.887
93.889
93.893
93.901
93.911
93.913
93.923
93.937
93.941
93.949
93.967
93.971
93.979
93.983
93.997
94.007
94.009
94.033
94.049
94.057
94.063
94.079
94.099
94.109
94.111
94.117
94.121
94.151
94.153
94.169
94.201
94.207
94.219
94.229
94.253
94.261
94.273
94.291
94.307
94.309
94.321
94.327
94.331
94.343
94.349
94.351
94.379
94.397
94.399
94.421
94.427
94.433
94.439
94.441
94.447
94.463
94.477
94.483
94.513
94.529
94.531
94.541
94.543
94.547
94.559
94.561
94.573
94.583
94.597
94.603
94.613
94.621
94.649
94.651
94.687
94.693
94.709
94.723
94.727
94.747
94.771
94.777
94.781
94.789
94.793
94.811
94.819
94.823
94.837
94.841
94.847
94.849
94.873
94.889
94.903
94.907
94.933
94.949
94.951
94.961
94.993
94.999
95.003
95.009
95.021
95.027
95.063
95.071
95.083
95.087
95.089
95.093
95.101
95.107
95.111
95.131
95.143
95.153
95.177
95.189
95.191
95.203
95.213
95.219
95.231
95.233
95.239
95.257
95.261
95.267
95.273
95.279
95.287
95.311
95.317
95.327
95.339
95.369
95.383
95.393
95.401
95.413
95.419
95.429
95.441
95.443
95.461
95.467
95.471
95.479
95.483
95.507
95.527
95.531
95.539
95.549
95.561
95.569
95.581
95.597
95.603
95.617
95.621
95.629
95.633
95.651
95.701
95.707
95.713
95.717
95.723
95.731
95.737
95.747
95.773
95.783
95.789
95.791
95.801
95.803
95.813
95.819
95.857
95.869
95.873
95.881
95.891
95.911
95.917
95.923
95.929
95.947
95.957
95.959
95.971
95.987
95.989
96.001
96.013
96.017
96.043
96.053
96.059
96.079
96.097
96.137
96.149
96.157
96.167
96.179
96.181
96.199
96.211
96.221
96.223
96.233
96.259
96.263
96.269
96.281
96.289
96.293
96.323
96.329
96.331
96.337
96.353
96.377
96.401
96.419
96.431
96.443
96.451
96.457
96.461
96.469
96.479
96.487
96.493
96.497
96.517
96.527
96.553
96.557
96.581
96.587
96.589
96.601
96.643
96.661
96.667
96.671
96.697
96.703
96.731
96.737
96.739
96.749
96.757
96.763
96.769
96.779
96.787
96.797
96.799
96.821
96.823
96.827
96.847
96.851
96.857
96.893
96.907
96.911
96.931
96.953
96.959
96.973
96.979
96.989
96.997
97.001
97.003
97.007
97.021
97.039
97.073
97.081
97.103
97.117
97.127
97.151
97.157
97.159
97.169
97.171
97.177
97.187
97.213
97.231
97.241
97.259
97.283
97.301
97.303
97.327
97.367
97.369
97.373
97.379
97.381
97.387
97.397
97.423
97.429
97.441
97.453
97.459
97.463
97.499
97.501
97.511
97.523
97.547
97.549
97.553
97.561
97.571
97.577
97.579
97.583
97.607
97.609
97.613
97.649
97.651
97.673
97.687
97.711
97.729
97.771
97.777
97.787
97.789
97.813
97.829
97.841
97.843
97.847
97.849
97.859
97.861
97.871
97.879
97.883
97.919
97.927
97.931
97.943
97.961
97.967
97.973
97.987
98.009
98.011
98.017
98.041
98.047
98.057
98.081
98.101
98.123
98.129
98.143
98.179
98.207
98.213
98.221
98.227
98.251
98.257
98.269
98.297
98.299
98.317
98.321
98.323
98.327
98.347
98.369
98.377
98.387
98.389
98.407
98.411
98.419
98.429
98.443
98.453
98.459
98.467
98.473
98.479
98.491
98.507
98.519
98.533
98.543
98.561
98.563
98.573
98.597
98.621
98.627
98.639
98.641
98.663
98.669
98.689
98.711
98.713
98.717
98.729
98.731
98.737
98.773
98.779
98.801
98.807
98.809
98.837
98.849
98.867
98.869
98.873
98.887
98.893
98.897
98.899
98.909
98.911
98.927
98.929
98.939
98.947
98.953
98.963
98.981
98.993
98.999
99.013
99.017
99.023
99.041
99.053
99.079
99.083
99.089
99.103
99.109
99.119
99.131
99.133
99.137
99.139
99.149
99.173
99.181
99.191
99.223
99.233
99.241
99.251
99.257
99.259
99.277
99.289
99.317
99.347
99.349
99.367
99.371
99.377
99.391
99.397
99.401
99.409
99.431
99.439
99.469
99.487
99.497
99.523
99.527
99.529
99.551
99.559
99.563
99.571
99.577
99.581
99.607
99.611
99.623
99.643
99.661
99.667
99.679
99.689
99.707
99.709
99.713
99.719
99.721
99.733
99.761
99.767
99.787
99.793
99.809
99.817
99.823
99.829
99.833
99.839
99.859
99.871
99.877
99.881
99.901
99.907
99.923
99.929
99.961
99.971
99.989
99.991
